Hamming XOR check

0 0 0 0
1 1 1 1

100
101
110
111
___ XOR
000 <-- Valid Hamming code


XOR Correction

0 0 1 0 <-- Bit 2 wrong
1 1 1 1

010
100
101
110
111
___ XOR
010 <-- Bit error is in position 2


===================================


"Wrong" String

1 1 1 1 1 1 1 0
1 1 0 1 0 0 0 1
0 1 0 1 0 1 1 1
0 0 0 0 1 1 0 1
0 0 1

000000 0
000001 1
000010 2
000011 3
000100 4
000101 5
000110 6
001000 8
001001 9
001011 11
001111 15
010001 17
010110 19
010101 21
010110 22
010111 23
011100 28
011101 29
011111 31
100010 34
______
101101 45 <-- Not possible


Bit 0 parity

0 1 1 1 1 1 1 1
0 1 1 0 1 0 0 0
1 0 1 0 1 0 1 1
1 0 0 0 0 1 1 0
1 0 0 1

000001 1
000010 2
000011 3
000100 4
000101 5
000110 6
000111 7
001001 9
001010 10
001100 12
010000 16
010010 18
010100 20
010110 22
010111 23
011000 24
011101 29
011110 30
100000 32
100011 35
______
000000 00 <-- Correct


